1	0	-30;
2	0	0;
3	0	30;
4	15	0;
5	30	-40;
6	30	0;
7	30	45;
8	-35	-15;
9	45	-30;
10	45	0;
11	45	30;
12	60	0;
13	65	-20;
14	65	20;
15	0	90;
17	75	0;
18	90	-30;
19	90	0;
20	90	30;
21	110	15;
22	120	0;
23	135	-30;
24	135	0;
25	135	30;
26	150	0;
33	180	-30;
34	180	0;
35	180	30;
36	-150	0;
37	-135	-30;
38	-135	0;
39	-135	30;
40	-120	0;
41	-110	15;
42	-90	-30;
43	-90	0;
44	-90	30;
45	-75	0;
49	-65	-20;
50	-65	50;
51	-60	0;
52	-45	-30;
53	-45	0;
54	-45	30;
55	-35	-15;
56	-30	-40;
57	-30	0;
58	-30	45
59	-15	0;


  




    61 -90	-56;
    62 -30	-56;
    63 90	-80;
    64 -90	-80;
   