    1 0     80;
    2 180	80;
    2 -180	80;
    3 0     56;
    4 60	56;
    5 120	56;
    6 180	56;
    6 -180	56;
    7 -120	56;
    8 -60	56;
    9 0     28;
    10 30	28;
    11 60	28;
    12 90	28;
    13 120	28;
    14 150	28;
    15 180	28;
    15 -180	28;
    16 -150	28;
    17 -120	28;
    18 -90	28;
    19 -60	28;
    20 -30	28;
    21 0	0;
    22 15   0;
    23 30	0;
    24 45	0;
    25 60	0;
    26 75	0;
    27 90	0;
    28 105	0;
    29 120	0;
    30 135	0;
    31 150	0;
    32 165	0;
    33 180	0;
    33 -180	0;
    34 -165 0;
    35 -150	0;
    36 -135	0;
    37 -120	0;
    38 -105	0;
    39 -90	0;
    40 -75	0;
    41 -60	0;
    42 -45	0;
    43 -30	0;
    44 -15	0;
    45 0  -28;
    46 30 -28;
    47 60 -28;
    48 90 -28;
    49 120 -28;
    50 150 -28;
    51 180 -28;
    51 -180 -28;
    52 -150 -28;
    53 -120 -28;
    54 -90	-28;
    55 -60	-28;
    56 -30	-28;
    57 30	-56;
    58 90	-56;
    59 150	-56;
    60 -150	-56;
    61 -90	-56;
    62 -30	-56;
    63 90	-80;
    64 -90	-80;
   